$ANSIBLE_VAULT;1.1;AES256
30333862643135633034383062386134633166353030383965663133333735663261623561656164
3437376536343730393038366335636139353132613666630a626234633533646438633734626533
66366635626630666465663038623166653532346261343061383039363362306163343463376431
3961356530373938320a646466363862393661386630336231386333666237383534663863646639
34383837326635396163623764313334626264303964373732353565363438613034623136346631
39323830313265633662316131646435326532363837393639383262363737346466633034636534
61643535623162316336623939663166653938666364353166346230343561373236646564373234
62373463356138353064333462646638313833633332336332663034323033633539316364363634
37316539393066663936313336623366663461333039333065383566613065336537396464616330
66643836656463636633613763306465663630346566373261666666643931623837386636646430
37366465363761313833383630396236313061353138636235623530666465346434616131373437
65336438666439323634373235316434376463386439633936663561323962656536316366316134
33623437373264666338383561306531396636326631393930316138383531373937313633346631
38323434643066393234313330306162623762376632303764323631643463383361316561643762
62393461363035326339346366666436656631373061373930633739323563343566366637336464
39643539643639383836343961323534366261323736353439616239633431326465636232326462
34366437343763356539343432653530353361353136653336343664376135353931376162626538
39356562613432323530393339323162323935636538666136353636363761383930653565343461
36346166336235336332633766383135643732396636646263623764323036323537323334366266
34336535383464386237363438613039616231633131626133636361356531313537353331653461
34616537383331643039346261346365303737313534333366623366336433643364353335633966
34373334633230333766363136623130343738613032313239643761383932646237376664656238
64623039303633316236613537373932353838313039346433323136613062383538613766306539
34356165623235306232333531356233626339643338366163383463316531613738663537363465
38646561313734373864353461653136303531326663653035353531383935656233333832623237
65356135343230653730373238613061343938653433636462666165383565383632636138633266
63393132396161623737653362626433376535363636353237633035666639396561303864646165
32336236333936303463333062663535386131393965303634336530373633376332333361346432
30396234353566636165646539313932646430353465623263653161613139336361323463363738
63633634393736356332613333356230653733613739336565613931643865343663346536313631
30396234653733333433623966663133663861333434323438633363323962666336376239363565
30343838366637633332313838616139363364666638383433616635633535653864363237333830
65383133386333633265616233316231653066343961393236623236336366353737666663363662
33313631316636653865623838656532653861366363383538306161323232356635343234343330
65323434613932376334613363333633636639633030613934356636626563323334643366336136
32303130333536663830663163656362386263656332636634363235643265663261386164643535
64356336643936393331363732343638346239633462336364356165313335313162343036653531
30633939353932646439366533653264386661356539383266663939663131353866643836326562
35616564356462363866656535313532353937653633626538666638643661626361333961383938
64356131633763363462643965373032303062623139343462623966626436646532303066343063
63323164316330323162323866303762363030353930303261653331393165313764346333353930
39626233373430373730393830343563323032383434376338643533623062613430373934633961
38666433636165346639373266333531646561343838643832336431373531333364383565363731
61333666646434646564616361373338613535656365326337353234393037623536363036626662
36346664653764363162643337313265636637323636653332336538363365646662336634333961
35643836326466323562663361393435663636633731313862336534346234313238663837386431
36353039643336383332633832303235613036393064386133633161363237316464346338666431
39316364373531306531356432656631326635643537303035623439626630636238663633613366
65366234353436626230313765306536353364343066393031396666306562333337623135333739
65363934353638666536376438313462646161326231613038393338316336363461623532633739
36653932343466633138353838653437303562356637363137653061363835623465633135333434
34333064356639376630303266326534333738613637313834643063396434383961356336633339
62373665613639373136653436313330323066633633633431306662623764386664343634363834
32303436613336666532373830306337396365393335373631363336613336393161303538376132
37646632313432626531383433343239643335333733393864303230346565306163343565623338
34303833613939336165316364636461356331656633323964616237653636626532613862373162
35343730656561343061356331303664323162316132363964623739346132663134373437626462
33313738616630346632353630646439656332383761633839666437643962633661396661323863
33396265656130336331353437656230333130333161346239366536363562386336333836326238
64346337353636336631353138343332656561316138666430643631393163393634306662623334
37646562313464633635643432303031323333346562383338333064626166376131323634613831
36313861646139363362313034623063666265613062366239356236646538363966373865306166
31386564306436633265626135623761613532633133356263633961313765613461366266663334
30666565666461623164656634646138366465353234383866336466326563383834653564616237
39633266343430363932353263623562323938643261356431333165623235316438363539323238
61336432366633323936366435616663646630333233356330386330353236646232316138313034
63653032373338383834653731313830303736623135626337613737636364623465333564633939
33363364666364386539363262353264396464633163313264656238343562303063333430346362
65386434653039623037613635396530363931653631646564653763656163353064623931393432
37653432333036376131383564363435633932623239333836313435363063316661333531356162
64373533363531613861383361356436643362333865633333346533623033316562623833633430
32343231366139323666376338656432376564656330356266343261616264383831323963666439
32326435643130393038646164333538376336323335393939623933326631353233386636376165
66313831386336323638306238366165636533346239306632653033326535643735343739343062
30653365643230656264636336326263363239336637353964663430646231386566623563633336
36306434313537363832646139653132633362306632343838343764356339316534373132313339
61303263303639376562346264666439353131636139646163353035353866333537653438306465
65386565643838356436616235363163366234333436326234336233663739633532356534663964
66336330373364303538396466316533616130613934393133323434313135616132343564313161
64313430316136393064656538636634373166643065353230626135613730333437396436393838
32643137396564353730623362623732633635306138616433386265306362306463393462323535
39303738306336636163353937333639353632386139316530623566333535316439366331383134
66633666336234616362363137336639313563303635366436666266343938316261393435323464
31393638333435663631636434303235393963396163313561373932653565646433646266383735
64643766636334643439393534636539396436303033353430393436336365613664653665386661
36616433326231666538623966626465646235653034623634616139646132623431383664356436
38626466356238616634613066326335323263313537653663356265353765373162653934386462
32303433353637633635313535363564396236343635303063343033353331363232363365636361
36313035623339306462353165366562326438333438383330653363376365626230306562326365
62643236636330386539343631386436653564356463316133303931386663373565386461316561
39386638653837316162333637653737646331363839323132666265313665353835636563636366
62623438656566386439386335653433653062343632326633626437633465643362313362663065
35383036303266393866353234323533623666346538356631313738383930336333613662623265
31633664363863363564326432323034316161326435646663353736633237383166383430376137
33663937303933376162376530333231363766326361666261333565363131613730613562366335
63643761666631323638356138393332303332326563323732343163356630316431343062653464
33386338323030386366623465353462643738666235623731363035306461396165373139633365
65373736663638626566303063643530376462616537383230353663336666653038643265366639
65363937613462633463393532373134373166313531313030653138346537653836653138353936
33646534616464303132343265346636363336646537663534343130613839343436376564366462
66313930343534636532313966373532376564376462653437643032336131353537356535613837
34653461376363313635623635636362333130396638373135313763393232643431366566336462
39613335646563366563323866333334323434303633633630303838386562303265343637313639
61353065313533373335626565363337626637633236613135623361643231386336313037636162
65333334306633343361646666633532643863363063383266623962663165343564383461623234
30343965313838656333626438336531316664633730653735346138663864643363383266343637
34303831363033353633303837333034666131353666633237656663393538323261633962383938
34666335376465653538393037303436326562346563623639373538623238666461326538343533
31623234346239373833643361376436313636643735363862616439343362643132666135643535
36643237383830336361633734656239363931393733643034323739356431323965303864643635
38623137306534346337653436386163633932346535663636666134353737663830396364366266
63323838623063663332343530386561666337636630663130323935323433363836323538616464
62363630366662346364316463353935323835656333366666633930353236613538363832303939
32663036306236303337653966313838656331363634623230626331353364306461333732303430
38663261633362656366323637333365626563366361333333386566626533303934363935343865
65326638333534356363633862646537643239643430336663653638383261326334343563633136
37393331396163623238336532316337623732306163366164333637636463303539336537366634
30316439316663626634303563376231303930643437666334376132613465623537313237323166
63646639303938653862623135646162653938616366626331316266633936343237343732363466
34346638343937616235316136376635303065373565616462323364353732356336643662366236
33333537646332653038663964353637633735656362303561646464316166633738613066366236
33373163363938393436346133366635356538383162383131303666343031666466353534613838
64616134613961323631623931613032316564333462623364613038616463383838326433613130
61633936353731326238373936336464626666316364376263376539633430623162333236323230
30353831643637623934663131366436613461663532323732353938353763303763636132663832
35346636643063306131646662656436386636386461663865366465623661306662363662323161
34396364366265316538663939386338626363313435616466393130383535356636383331633338
62306665646538366666306338343764323663376432633836666566376436666466623466623433
65333963353538666364666364663230323238363061323566643733343733383363643966336435
30346566653933373564333835313362636332333664613437356163356166623061643837626666
33656463396430663130656234393861343934626263313866613665333435333730373437643364
34663462383430313163373466393165346366336633363864366462346432616666613462323163
38633238663234346433636663343639616239666262306430656136396332633962386538613462
39363663393334643936383432633935306332373066353762366266616638646235343065623661
66373237643631376239666663396266386233663930386137393530323238373365663665353236
66373933346462623734323164373635393533393334633334313235346262303065623036313632
62343833343164303632626336373238373966346633336362626166623930303662336632316237
36333036313463643131346336323166643062303735363535626464623434386163313939636265
36356431326263376566306632373536303462326639303139663631623238306262623761316335
30623136623139396137373366353462663262623565666132353233356638393537323465396339
30663137343366653239336231353833623662383461346265396433653938303635366334646131
37373039643836346134393165313237343134663733343562376233376230663131336333343537
66313862376266356166636438363931373830353864363333363436646665323736393436333266
66653736663436363863323838643761333732396561373464653832353636343365663935616232
31303633623639643961336539653430623235346562313037626330633163643837316437313738
34326439366533366332323461623965323831393836633863393862333533396334653330366136
33323766623937666636306332383830333062646631363033306436303063306134316164373835
39623233653833396331653361363562383666323662373535313934316332333636393262393764
39366263616662313730646561383839346364613535316436643364303661663563363732306463
33333864366636663564653534613032373063333864303336636438626332323436353266333736
63663861353466656666636163646533363030313165363061336231366638323164383636373962
62396165626365376538623931326632366630633531653663326537353964636362333635383934
39363733653836613532613365643664656431633632663065343731393730393937376265643434
37373164316634326438393430303837383130383532373733313231663466313361336639376534
63663839643466376261336263323464343932616532323936653533376631636136626536373831
30373763653834616263326565646431353430363864313635656635343362323231396265393962
61323162376530303637313062346233386265346433333330303066396131326139346534646132
64613062313133373162386537653430353831323165626564653738653263343036313430363363
32383630376266353965353139366364666265343462316239643663343535636237356261396565
33616261303037636131643836636534306466356539623035623764303833346332396632613434
62633735383665333262646335623339613937656365303035303135333663623031363838363739
66633966613162386162653861373138366665313830613366643036626162373834643839656361
35306565373663636163646333663735393965666533623965666363353333343364666137356434
61356232323766646333633934336234393661633161386336636139613432393736643939323434
39363665353432313636646237306438356363633362636566376264346665656466383536326637
33356266666433396431386361663663393532666366656234396232356661613831303162373834
64363765336366616366353166336265636466393731333761393261396664626461333130353339
64323963386264313764636636336263656630643432326135363333383564313565396538363539
66306636306464333161616333653736336562653461323134346336623831633438373762376131
39353734343566333538616565393862623165353961306565333865306637653062636532316563
30346464663762613331356132323961356431376132383761336562666163646337366162376362
32383737666262306637653037643065343332616537666638323730383834323135653561393664
61393932616664363538393566643339376433633436663161623538333636663661
